03E7:0790   06 00 11 00 00 00 90 03 07 05 00 00 00 00 00 00 
03E7:07A0   00 00 0F 00 00 00 00 00 00 00 00 00 37 00 84 00 
03E7:07B0   04 00 07 00 00 00 00 00 00 00 00 00 00 00 00 00 
03E7:07C0   00 00 0D 00 00 00 00 00 00 00 00 00 52 00 BF 00 
03E7:07D0   03 00 0D 00 00 00 00 00 00 00 00 00 00 00 00 00 
03E7:07E0   00 00 0F 00 00 00 00 00 00 00 00 00 00 00 00 00 
03E7:07F0   00 00 07 00 00 00 00 00 00 00 00 00 78 00 8C 00 
03E7:0800   01 04 0F 00 00 00 FC 05 07 05 00 00 00 00 00 00 
03E7:0810   00 00 0B 00 1E 00 00 00 00 00 00 00 83 00 8D 00 
03E7:0820   08 00 0F 00 00 00 00 00 00 00 00 00 A3 00 8B 00 
03E7:0830   08 00 0B 00 00 00 00 00 00 00 00 00 00 00 00 00 
03E7:0840   00 00 0F 00 00 00 00 00 00 00 00 00 00 00 00 00 
03E7:0850   00 00 0F 00 00 00 00 00 00 00 00 00 00 00 00 00 
03E7:0860   00 00 0D 00 00 00 00 00 00 00 00 00 00 00 00 00 
03E7:0870   00 00 0B 00 00 00 00 00 00 00 00 00 00 00 00 00 
03E7:0880   00 00 0D 00 00 00 00 00 00 00 00 00 00 00 00 00 
03E7:0890   00 00 0D 00 00 00 00 00 00 00 00 00 48 00 AB 00 
03E7:08A0   0C 00 09 00 00 00 00 00 00 00 00 00 00 00 00 00 
03E7:08B0   00 00 0D 00 00 00 00 00 00 00 00 00 00 00 00 00 
03E7:08C0   00 00 0D 00 00 00 00 00 00 00 00 00 00 00 00 00 
03E7:08D0   00 00 0D 00 00 00 00 00 00 00 00 00 00 00 00 00 
03E7:08E0   00 00 0D 00 00 00 00 00 00 00 00 00 00 00 00 00 
03E7:08F0   00 00 14 00 00 00 00 00 00 00 00 00 00 00 00 00 
03E7:0900   00 00 14 00 00 00 00 00 00 00 00 00 00 00 00 00 
03E7:0910   00 00 14 00 00 00 00 00 00 00 00 00 00 00 00 00 
03E7:0920   00 00 0D 00 00 00 00 00 00 00 00 00 00 00 00 00 
03E7:0930   00 00 0D 00 00 00 00 00 00 00 00 00 00 00 00 00 
03E7:0940   00 00 0D 00 00 00 00 00 00 00 00 00 00 00 00 00 
03E7:0950   00 00 0D 00 00 00 00 00 00 00 00 00 00 00 00 00 
03E7:0960   00 00 0D 00 00 00 00 00 00 00 00 00 00 00 00 00 
03E7:0970   00 00 0F 00 00 00 00 00 00 00 00 00 00 00 00 00 
03E7:0980   00 00 0B 00 00 00 00 00 00 00 00 00 00 00 00 00 
03E7:0990   00 00 0D 00 00 00 00 00 00 00 00 00 00 00 00 00 
03E7:09A0   00 00 0D 00 00 00 00 00 00 00 00 00 00 00 00 00 
03E7:09B0   00 00 0D 00 00 00 00 00 00 00 00 00 00 00 00 00 
03E7:09C0   00 00 0D 00 00 00 00 00 00 00 00 00 00 00 00 00 
03E7:09D0   00 00 0D 00 00 00 00 00 00 00 00 00 00 00 00 00 
03E7:09E0   00 00 0D 00 00 00 00 00 00 00 00 00 00 00 00 00 
03E7:09F0   00 00 0F 00 00 00 00 00 00 00 00 00 00 00 00 00 
03E7:0A00   00 00 0D 00 00 00 00 00 00 00 00 00 00 00 00 00 
03E7:0A10   00 00 0D 00 00 00 00 00 00 00 00 00 00 00 00 00 
03E7:0A20   00 00 0D 00 00 00 00 00 00 00 00 00 00 00 00 00 
03E7:0A30   00 00 0D 00 00 00 00 00 00 00 00 00 00 00 00 00 
03E7:0A40   00 00 0D 00 00 00 00 00 00 00 00 00 00 00 00 00 
03E7:0A50   00 00 0B 00 00 00 00 00 00 00 00 00 00 00 00 00 
03E7:0A60   00 00 0D 00 00 00 00 00 00 00 00 00 00 00 00 00 
03E7:0A70   00 00 0D 00 00 00 00 00 00 00 00 00 00 00 00 00 
03E7:0A80   00 00 0D 00 00 00 00 00 00 00 00 00 15 01 BA 00 
03E7:0A90   14 00 0B 00 00 00 00 00 00 00 00 00 00 00 00 00 
03E7:0AA0   00 00 0D 00 00 00 00 00 00 00 00 00 00 00 00 00 
03E7:0AB0   00 00 0D 00 00 00 00 00 00 00 00 00 00 00 00 00 
03E7:0AC0   00 00 0D 00 00 00 00 00 00 00 00 00 27 01 33 00 
03E7:0AD0   18 00 0B 00 00 00 00 00 00 00 00 00 00 00 00 00 
03E7:0AE0   00 00 0D 00 00 00 00 00 00 00 00 00 00 00 00 00 
03E7:0AF0   00 00 0D 00 00 00 00 00 00 00 00 00 00 00 00 00 
03E7:0B00   00 00 0D 00 00 00 00 00 00 00 00 00 00 00 00 00 
03E7:0B10   00 00 0D 00 00 00 00 00 00 00 00 00 00 00 00 00 
03E7:0B20   00 00 0D 00 00 00 00 00 00 00 00 00 00 00 00 00 
03E7:0B30   00 00 0D 00 00 00 00 00 00 00 00 00 00 00 00 00 
03E7:0B40   00 00 0D 00 00 00 00 00 00 00 00 00 00 00 00 00 
03E7:0B50   00 00 0D 00 00 00 00 00 00 00 00 00 00 00 00 00 
03E7:0B60   00 00 0D 00 00 00 00 00 00 00 00 00 00 00 00 00 
03E7:0B70   00 00 0D 00 00 00 00 00 00 00 00 00 00 00 00 00 
03E7:0B80   00 00 0D 00 00 00 00 00 00 00 00 00 00 00 00 00 
03E7:0B90   00 00 0D 00 00 00 00 00 00 00 00 00 00 00 00 00 
03E7:0BA0   00 00 0D 00 00 00 00 00 00 00 00 00 00 00 00 00 
03E7:0BB0   00 00 0D 00 00 00 00 00 00 00 00 00 00 00 00 00 
03E7:0BC0   00 00 0D 00 00 00 00 00 00 00 00 00 00 00 00 00 
03E7:0BD0   00 00 0F 00 00 00 00 00 00 00 00 00 00 00 00 00 
03E7:0BE0   00 00 0F 00 00 00 00 00 00 00 00 00 00 00 00 00 
03E7:0BF0   00 00 0D 00 00 00 00 00 00 00 00 00 00 00 00 00 
03E7:0C00   00 00 0D 00 00 00 00 00 00 00 00 00 00 00 00 00 
03E7:0C10   00 00 0D 00 00 00 00 00 00 00 00 00 00 00 00 00 
03E7:0C20   00 00 0D 00 00 00 00 00 00 00 00 00 00 00 00 00 
03E7:0C30   00 00 0D 00 00 00 00 00 00 00 00 00 00 00 00 00 
03E7:0C40   00 00 0D 00 00 00 00 00 00 00 00 00 00 00 00 00 
03E7:0C50   00 00 0D 00 00 00 00 00 00 00 00 00 00 00 00 00 
03E7:0C60   00 00 0F 00 00 00 00 00 00 00 00 00 00 00 00 00 
03E7:0C70   00 00 0D 00 00 00 00 00 00 00 00 00 00 00 00 00 
03E7:0C80   00 00 0D 00 00 00 00 00 00 00 00 00 00 00 00 00 
03E7:0C90   00 00 0D 00 00 00 00 00 00 00 00 00 00 00 00 00 
03E7:0CA0   00 00 0D 00 00 00 00 00 00 00 00 00 00 00 00 00 
03E7:0CB0   00 00 0D 00 00 00 00 00 00 00 00 00 00 00 00 00 
03E7:0CC0   00 00 0D 00 00 00 00 00 00 00 00 00 00 00 00 00 
03E7:0CD0   00 00 0D 00 00 00 00 00 00 00 00 00 00 00 00 00 
03E7:0CE0   00 00 0D 00 00 00 00 00 00 00 00 00 00 00 00 00 
03E7:0CF0   00 00 0D 00 00 00 00 00 00 00 00 00 00 00 00 00 
03E7:0D00   00 00 0D 00 00 00 00 00 00 00 00 00 00 00 00 00 
03E7:0D10   00 00 0D 00 00 00 00 00 00 00 00 00 00 00 00 00 
03E7:0D20   00 00 0D 00 00 00 00 00 00 00 00 00 00 00 00 00 
03E7:0D30   00 00 0D 00 00 00 00 00 00 00 00 00 00 00 00 00 
03E7:0D40   00 00 0D 00 00 00 00 00 00 00 00 00 00 00 00 00 
03E7:0D50   00 00 0D 00 00 00 00 00 00 00 00 00 00 00 00 00 
03E7:0D60   00 00 0D 00 00 00 00 00 00 00 00 00 00 00 00 00 
03E7:0D70   00 00 0D 00 00 00 00 00 00 00 00 00 00 00 00 00 
03E7:0D80   00 00 0D 00 00 00 00 00 00 00 00 00 00 00 00 00 
03E7:0D90   00 00 0D 00 00 00 00 00 00 00 00 00 00 00 00 00 
03E7:0DA0   00 00 0D 00 00 00 00 00 00 00 00 00 00 00 00 00 
03E7:0DB0   00 00 0D 00 00 00 00 00 00 00 00 00 00 00 00 00 
03E7:0DC0   00 00 0D 00 00 00 00 00 00 00 00 00 00 00 00 00 
03E7:0DD0   00 00 0D 00 00 00 00 00 00 00 00 00 00 00 00 00 
03E7:0DE0   00 00 0D 00 00 00 00 00 00 00 00 00 00 00 00 00 
03E7:0DF0   00 00 0D 00 00 00 00 00 00 00 00 00 00 00 00 00 
03E7:0E00   00 00 0D 00 00 00 00 00 00 00 00 00 00 00 00 00 
03E7:0E10   00 00 0B 00 00 00 00 00 00 00 00 00 00 00 00 00 
03E7:0E20   00 00 0D 00 00 00 00 00 00 00 00 00 00 00 00 00 
03E7:0E30   00 00 0D 00 00 00 00 00 00 00 00 00 00 00 00 00 
03E7:0E40   00 00 0D 00 00 00 00 00 00 00 00 00 00 00 00 00 
03E7:0E50   00 00 0D 00 00 00 00 00 00 00 00 00 00 00 00 00 
03E7:0E60   00 00 0D 00 00 00 00 00 00 00 00 00 00 00 00 00 
03E7:0E70   00 00 0D 00 00 00 00 00 00 00 00 00 00 00 00 00 
03E7:0E80   00 00 0D 00 00 00 00 00 00 00 00 00 00 00 00 00 
03E7:0E90   00 00 0D 00 00 00 00 00 00 00 00 00 00 00 00 00 
03E7:0EA0   00 00 0D 00 00 00 00 00 00 00 00 00 00 00 00 00 
03E7:0EB0   00 00 0D 00 00 00 00 00 00 00 00 00 00 00 00 00 
03E7:0EC0   00 00 0D 00 00 00 00 00 00 00 00 00 00 00 00 00 
03E7:0ED0   00 00 0D 00 00 00 00 00 00 00 00 00 00 00 00 00 
03E7:0EE0   00 00 0D 00 00 00 00 00 00 00 00 00 00 00 00 00 
03E7:0EF0   00 00 0D 00 00 00 00 00 00 00 00 00 00 00 00 00 
03E7:0F00   00 00 0D 00 00 00 00 00 00 00 00 00 00 00 00 00 
03E7:0F10   00 00 0D 00 00 00 00 00 00 00 00 00 00 00 00 00 
03E7:0F20   00 00 0D 00 00 00 00 00 00 00 00 00 00 00 00 00 
03E7:0F30   00 00 0D 00 00 00 00 00 00 00 00 00 00 00 00 00 
03E7:0F40   00 00 0D 00 00 00 00 00 00 00 00 00 00 00 00 00 
03E7:0F50   00 00 0D 00 00 00 00 00 00 00 00 00 00 00 00 00 
03E7:0F60   00 00 0D 00 00 00 00 00 00 00 00 00 00 00 00 00 
03E7:0F70   00 00 0D 00 00 00 00 00 00 00 00 00 00 00 00 00 
03E7:0F80   00 00 0D 00 00 00 00 00 00 00 00 00 00 00 00 00 
03E7:0F90   00 00 0D 00 00 00 00 00 00 00 00 00 00 00 00 00 
03E7:0FA0   00 00 0D 00 00 00 00 00 00 00 00 00 00 00 00 00 
03E7:0FB0   00 00 0D 00 00 00 00 00 00 00 00 00 00 00 00 00 
03E7:0FC0   00 00 0D 00 00 00 00 00 00 00 00 00 00 00 00 00 
03E7:0FD0   00 00 0D 00 00 00 00 00 00 00 00 00 00 00 00 00 
03E7:0FE0   00 00 0D 00 00 00 00 00 00 00 00 00 00 00 00 00 
03E7:0FF0   00 00 0D 00 00 00 00 00 00 00 00 00 00 00 00 00 
03E7:1000   00 00 0D 00 00 00 00 00 00 00 00 00 00 00 00 00 
03E7:1010   00 00 0D 00 00 00 00 00 00 00 00 00 00 00 00 00 
03E7:1020   00 00 0D 00 00 00 00 00 00 00 00 00 00 00 00 00 
03E7:1030   00 00 0D 00 00 00 00 00 00 00 00 00 00 00 00 00 
03E7:1040   00 00 0D 00 00 00 00 00 00 00 00 00 00 00 00 00 
03E7:1050   00 00 0D 00 00 00 00 00 00 00 00 00 00 00 00 00 
03E7:1060   00 00 0D 00 00 00 00 00 00 00 00 00 00 00 00 00 
03E7:1070   00 00 0D 00 00 00 00 00 00 00 00 00 00 00 00 00 
03E7:1080   00 00 0D 00 00 00 00 00 00 00 00 00 00 00 00 00 
03E7:1090   00 00 0D 00 00 00 00 00 00 00 00 00 00 00 00 00 
03E7:10A0   00 00 0D 00 00 00 00 00 00 00 00 00 00 00 00 00 
03E7:10B0   00 00 0D 00 00 00 00 00 00 00 00 00 00 00 00 00 
03E7:10C0   00 00 0B 00 00 00 00 00 00 00 00 00 00 00 00 00 
03E7:10D0   00 00 09 00 00 00 00 00 00 00 00 00 00 00 00 00 
03E7:10E0   00 00 0D 00 00 00 00 00 00 00 00 00 00 00 00 00 
03E7:10F0   00 00 0D 00 00 00 00 00 00 00 00 00 00 00 00 00 
03E7:1100   00 00 0D 00 00 00 00 00 00 00 00 00 00 00 00 00 
03E7:1110   00 00 0D 00 00 00 00 00 00 00 00 00 00 00 00 00 
03E7:1120   00 00 0D 00 00 00 00 00 00 00 00 00 00 00 00 00 
03E7:1130   00 00 0D 00 00 00 00 00 00 00 00 00 00 00 00 00 
03E7:1140   00 00 0D 00 00 00 00 00 00 00 00 00 00 00 00 00 
03E7:1150   00 00 0D 00 00 00 00 00 00 00 00 00 00 00 00 00 
03E7:1160   00 00 0D 00 00 00 00 00 00 00 00 00 00 00 00 00 
03E7:1170   00 00 0D 00 00 00 00 00 00 00 00 00 00 00 00 00 
03E7:1180   00 00 0D 00 00 00 00 00 00 00 00 00 00 00 00 00 
03E7:1190   00 00 0D 00 00 00 00 00 00 00 00 00 00 00 00 00 
03E7:11A0   00 00 0D 00 00 00 00 00 00 00 00 00 00 00 00 00 
03E7:11B0   00 00 0D 00 00 00 00 00 00 00 00 00 00 00 00 00 
03E7:11C0   00 00 0D 00 00 00 00 00 00 00 00 00 00 00 00 00 
03E7:11D0   00 00 0D 00 00 00 00 00 00 00 00 00 00 00 00 00 
03E7:11E0   00 00 0D 00 00 00 00 00 00 00 00 00 00 00 00 00 
03E7:11F0   00 00 0F 00 00 00 00 00 00 00 00 00 00 00 00 00 
03E7:1200   00 00 0F 00 00 00 00 00 00 00 00 00 00 00 00 00 
03E7:1210   00 00 0F 00 00 00 00 00 00 00 00 00 00 00 00 00 
03E7:1220   00 00 0F 00 00 00 00 00 00 00 00 00 00 00 00 00 
03E7:1230   00 00 0D 00 00 00 00 00 00 00 00 00 00 00 00 00 
03E7:1240   00 00 0D 00 00 00 00 00 00 00 00 00 00 00 00 00 
03E7:1250   00 00 0D 00 00 00 00 00 00 00 00 00 00 00 00 00 
03E7:1260   00 00 0D 00 00 00 00 00 00 00 00 00 00 00 00 00 
03E7:1270   00 00 0D 00 00 00 00 00 00 00 00 00 00 00 00 00 
03E7:1280   00 00 0D 00 00 00 00 00 00 00 00 00 00 00 00 00 
03E7:1290   00 00 0D 00 00 00 00 00 00 00 00 00 00 00 00 00 
03E7:12A0   00 00 0D 00 00 00 00 00 00 00 00 00 00 00 00 00 
03E7:12B0   00 00 0D 00 00 00 00 00 00 00 00 00 00 00 00 00 
03E7:12C0   00 00 0D 00 00 00 00 00 00 00 00 00 00 00 00 00 
03E7:12D0   00 00 0D 00 00 00 00 00 00 00 00 00 00 0F 1B 00 
03E7:12E0   3F 00 00 3F 00 00 3F 00 00 3F 00 00 3F 00 00 3F 
03E7:12F0   00 00 3F 00 00 3F 00 00 3F 00 00 3F 00 00 3F 00 
03E7:1300   00 3F 00 00 3F 00 00 3F 00 00 3F 00 00 3F 00 00 
03E7:1310   3F 00 00 3F 00 00 3F 00 00 3F 00 00 3F 00 00 3F 
03E7:1320   00 00 3F 00 00 3F 00 00 3F 00 00 3F 00 00 3F 00 
03E7:1330   00 3F 00 00 3F 00 00 3F 00 00 3F 00 00 3F 00 00 
03E7:1340   3F 00 00 3F 00 00 3F 00 00 3F 00 00 3F 00 00 3F 
03E7:1350   00 00 3F 00 00 3F 00 00 3F 00 00 3F 00 00 3F 00 
03E7:1360   00 3F 00 00 3F 00 00 3F 00 00 3F 00 00 3F 00 00 
03E7:1370   3F 00 00 3F 00 00 3F 00 00 3F 00 00 3F 00 00 3F 
03E7:1380   00 00 3F 00 00 3F 00 00 3F 00 00 3F 00 00 3F 00 
03E7:1390   00 3F 00 00 3F 00 00 3F 00 00 3F 00 00 3F 00 00 
03E7:13A0   3F 00 00 3F 00 00 3F 00 00 3F 00 00 3F 00 00 3F 
03E7:13B0   00 00 3F 00 00 3F 00 00 3F 00 00 3F 00 00 3F 00 
03E7:13C0   00 3F 00 00 3F 00 00 3F 00 00 3F 00 00 3F 00 00 
03E7:13D0   3F 00 00 3F 00 00 3F 00 00 3F 00 00 3F 00 00 3F 
03E7:13E0   00 00 3F 00 00 3F 00 00 3F 00 00 3F 00 00 3F 00 
03E7:13F0   00 3F 00 00 3F 00 00 3F 00 00 3F 00 00 3F 00 00 
03E7:1400   3F 00 00 3F 00 00 3F 00 00 3F 00 00 3F 00 00 3F 
03E7:1410   00 00 3F 00 00 3F 00 00 3F 00 00 3F 00 00 3F 00 
03E7:1420   00 3F 00 00 3F 00 00 3F 00 00 3F 00 00 3F 00 00 
03E7:1430   3F 00 00 3F 00 00 3F 00 00 3F 00 00 3F 00 00 3F 
03E7:1440   00 00 3F 00 00 3F 00 00 3F 00 00 3F 00 00 3F 00 
03E7:1450   00 3F 00 00 3F 00 00 3F 00 00 3F 00 00 3F 00 00 
03E7:1460   3F 00 00 3F 00 00 3F 00 00 3F 00 00 3F 00 00 3F 
03E7:1470   00 00 3F 00 00 3F 00 00 3F 00 00 3F 00 00 3F 00 
03E7:1480   00 3F 00 00 3F 00 00 3F 00 00 3F 00 00 3F 00 00 
03E7:1490   3F 00 00 3F 00 00 3F 00 00 3F 00 00 3F 00 00 3F 
03E7:14A0   00 00 3F 00 00 3F 00 00 3F 00 00 3F 00 00 3F 00 
03E7:14B0   00 3F 00 00 3F 00 00 3F 00 00 3F 00 00 3F 00 00 
03E7:14C0   3F 00 00 3F 00 00 3F 00 00 3F 00 00 3F 00 00 3F 
03E7:14D0   00 00 3F 00 00 3F 00 00 3F 00 00 3F 00 00 3F 00 
03E7:14E0   00 3F 00 00 3F 00 00 3F 00 00 3F 00 00 3F 00 00 
03E7:14F0   3F 00 00 3F 00 00 3F 00 00 3F 00 00 3F 00 00 3F 
03E7:1500   00 00 3F 00 00 3F 00 00 3F 00 00 3F 00 00 3F 00 
03E7:1510   00 3F 00 00 3F 00 00 3F 00 00 3F 00 00 00 10 3F 
03E7:1520   3D 37 3F 37 2A 3F 33 26 3C 30 24 37 2B 1F 32 26 
03E7:1530   1A 2C 21 15 28 1C 10 23 17 0B 1F 13 07 1C 10 04 
03E7:1540   19 0D 01 18 0C 00 14 07 00 11 05 00 3F 3A 27 3F 
03E7:1550   39 14 3F 32 00 37 29 00 31 21 00 29 19 00 3A 3A 
03E7:1560   3A 34 34 30 2B 2B 27 23 23 1E 1D 1D 19 18 18 13 
03E7:1570   13 13 0F 10 10 0C 0C 0C 08 08 08 04 00 00 00 38 
03E7:1580   38 3C 2E 2E 32 28 28 2B 21 21 25 1C 1C 20 18 18 
03E7:1590   1C 14 14 18 10 10 14 0C 0C 10 08 08 0C 05 05 09 
03E7:15A0   1F 39 2C 13 2D 22 04 21 15 00 15 0C 2C 36 3F 21 
03E7:15B0   2B 3F 16 20 35 0B 15 2A 00 0A 1F 00 00 17 3F 2F 
03E7:15C0   2F 3F 25 25 3F 1A 19 3E 09 00 39 03 00 32 00 00 
03E7:15D0   2C 00 00 22 00 00 1B 00 00 3F 3F 3F EC 17 E7 03 
03E7:15E0   5A 01 00 00 7F 00 34 00 14 00 11 00 48 19 E7 03 
03E7:15F0   F8 00 00 00 A0 00 34 00 16 00 0B 00 40 1A E7 03 
03E7:1600   05 01 00 00 C1 00 34 00 0F 00 11 00 48 1B E7 03 
03E7:1610   5A 01 00 00 7F 00 53 00 14 00 11 00 A4 1C E7 03 
03E7:1620   56 01 00 00 A0 00 53 00 15 00 10 00 FC 1D E7 03 
03E7:1630   3A 01 00 00 C1 00 53 00 16 00 0E 00 0C 00 FF 03 
03E7:1640   BE 01 00 00 7F 00 72 00 16 00 14 00 CC 01 FF 03 
03E7:1650   E9 01 00 00 A0 00 72 00 17 00 15 00 B8 03 FF 03 
03E7:1660   7F 00 00 00 C1 00 72 00 0B 00 0B 00 38 04 FF 03 
03E7:1670   A1 02 00 00 00 00 00 00 17 00 1D 00 DC 06 FF 03 
03E7:1680   69 00 00 00 82 00 87 00 09 00 0B 00 48 07 FF 03 
